v2.0 raw
01 01 01 01 01 81 32 00
81 32 00 00 00 00 00 00
01 01 01 01 01 81 32 00
01 41 32 00 00 00 00 00
41 32 00 00 00 00 00 00
01 01 01 81 32 00 00 00
01 01 01 81 32 00 00 00
01 32 00 00 00 00 00 00
01 01 32 00 00 00 00 00
32 00 00 00 00 00 00 00
32 00 00 00 00 00 00 00
01 32 00 00 00 00 00 00
01 01 32 00 00 00 00 00
01 01 01 32 00 00 00 00
01 01 32 00 00 00 00 00
32 00 00 00 00 00 00 00
01 01 01 32 00 00 00 00
32 00 00 00 00 00 00 00
32 00 00 00 00 00 00 00
32 00 00 00 00 00 00 00
32 00 00 00 00 00 00 00
32 00 00 00 00 00 00 00
01 01 32 00 00 00 00 00
01 32 00 00 00 00 00 00
01 01 32 00 00 00 00 00
01 32 00 00 00 00 00 00
32 00 00 00 00 00 00 00
32 00 00 00 00 00 00 00
01 01 32 00 00 00 00 00
05 09 32 00 00 00 00 00
32 00 00 00 00 00 00 00
32 00 00 00 00 00 00 00
00 00 00 00 00 00 00 00
00 00 00 00 00 00 00 00
00 00 00 00 00 00 00 00
00 00 00 00 00 00 00 00
00 00 00 00 00 00 00 00
00 00 00 00 00 00 00 00
00 00 00 00 00 00 00 00
00 00 00 00 00 00 00 00
00 00 00 00 00 00 00 00
00 00 00 00 00 00 00 00
00 00 00 00 00 00 00 00
00 00 00 00 00 00 00 00
00 00 00 00 00 00 00 00
00 00 00 00 00 00 00 00
00 00 00 00 00 00 00 00
00 00 00 00 00 00 00 00
00 00 00 00 00 00 00 00
00 00 00 00 00 00 00 00
00 00 00 00 00 00 00 00
00 00 00 00 00 00 00 00
00 00 00 00 00 00 00 00
00 00 00 00 00 00 00 00
00 00 00 00 00 00 00 00
00 00 00 00 00 00 00 00
00 00 00 00 00 00 00 00
00 00 00 00 00 00 00 00
00 00 00 00 00 00 00 00
00 00 00 00 00 00 00 00
00 00 00 00 00 00 00 00
00 00 00 00 00 00 00 00
00 00 00 00 00 00 00 00
00 00 00 00 00 00 00 00
