v2.0 raw
00 00 00 00 00 00 00 00
00 00 00 00 00 00 00 00
00 00 00 00 00 00 00 00
00 50 10 14 00 00 00 00
00 08 20 00 00 00 00 00
00 08 20 08 20 00 00 00
00 00 00 00 00 00 00 00
00 00 00 00 00 00 00 00
00 00 00 00 00 00 00 00
00 00 00 00 00 00 00 00
00 01 01 00 00 00 00 00
00 02 02 02 00 00 00 00
00 00 00 00 00 00 00 00
00 00 00 00 00 00 00 00
00 00 00 00 00 00 00 00
00 00 00 00 00 00 00 00
00 01 01 00 00 00 00 00
00 01 01 00 00 00 00 00
00 02 02 02 00 00 00 00
00 02 02 02 00 00 00 00
00 00 00 00 00 00 00 00
00 08 20 08 20 00 00 00
00 50 10 14 00 00 00 00
00 08 20 00 00 00 00 00
00 01 01 50 10 14 00 00
00 08 22 02 02 00 00 00
00 00 00 00 00 00 00 00
00 00 00 00 00 00 00 00
00 01 01 00 00 00 00 00
00 00 50 14 10 50 14 10
00 00 00 00 00 00 00 00
00 50 14 10 50 14 10 00
