v2.0 raw
00 00 00 00 00 00 00 00
00 00 00 00 00 00 00 00
00 42 09 04 00 00 00 00
00 02 00 00 00 00 00 00
00 01 00 00 00 00 00 00
00 40 00 80 00 00 00 00
00 01 00 00 00 00 00 00
00 04 00 00 00 00 00 00
00 01 00 00 00 00 00 00
00 06 00 00 00 00 00 00
00 00 01 00 00 00 00 00
00 02 02 02 00 00 00 00
00 01 00 00 00 00 00 00
00 01 00 00 00 00 00 00
00 01 00 00 00 00 00 00
00 04 00 00 00 00 00 00
00 00 01 00 00 00 00 00
00 00 04 00 00 00 00 00
00 02 02 02 00 00 00 00
00 08 08 08 00 00 00 00
00 01 00 00 00 00 00 00
00 40 00 80 00 00 00 00
00 08 00 00 00 00 00 00
00 04 00 00 00 00 00 00
00 00 40 00 00 00 00 00
00 40 00 00 00 00 00 00
00 42 09 04 01 00 00 00
00 00 02 00 00 00 00 00
00 00 00 00 00 00 00 00
00 00 00 00 00 00 00 00
00 00 00 00 00 00 00 00
00 00 00 00 00 00 00 00
