v2.0 raw
1e 1a 1d 1a 1f 1f 1f 1f
19 19 18 18 17 17 17 17
16 16 16 16 1b 15 14 14
13 13 13 13 13 13 13 13
12 12 11 11 0f 10 0e 0e
12 12 11 11 0f 10 0d 0d
0c 0b 0c 0b 0a 09 06 05
08 07 08 07 1c 1c 1c 1c
04 04 04 04 04 04 04 04
04 04 04 04 04 04 04 04
04 04 04 04 04 04 04 04
04 04 04 04 04 04 04 04
03 03 03 03 03 03 03 03
03 03 03 03 03 03 03 03
03 03 03 03 03 03 03 03
03 03 03 03 03 03 03 03
02 02 02 02 02 02 02 02
02 02 02 02 02 02 02 02
02 02 02 02 02 02 02 02
02 02 02 02 02 02 02 02
02 02 02 02 02 02 02 02
02 02 02 02 02 02 02 02
02 02 02 02 02 02 02 02
02 02 02 02 02 02 02 02
01 01 01 01 01 01 01 01
01 01 01 01 01 01 01 01
01 01 01 01 01 01 01 01
01 01 01 01 01 01 01 01
01 01 01 01 01 01 01 01
01 01 01 01 01 01 01 01
01 01 01 01 01 01 01 01
01 01 01 01 01 01 01 01
00 00 00 00 00 00 00 00
00 00 00 00 00 00 00 00
00 00 00 00 00 00 00 00
00 00 00 00 00 00 00 00
00 00 00 00 00 00 00 00
00 00 00 00 00 00 00 00
00 00 00 00 00 00 00 00
00 00 00 00 00 00 00 00
00 00 00 00 00 00 00 00
00 00 00 00 00 00 00 00
00 00 00 00 00 00 00 00
00 00 00 00 00 00 00 00
00 00 00 00 00 00 00 00
00 00 00 00 00 00 00 00
00 00 00 00 00 00 00 00
00 00 00 00 00 00 00 00
00 00 00 00 00 00 00 00
00 00 00 00 00 00 00 00
00 00 00 00 00 00 00 00
00 00 00 00 00 00 00 00
00 00 00 00 00 00 00 00
00 00 00 00 00 00 00 00
00 00 00 00 00 00 00 00
00 00 00 00 00 00 00 00
00 00 00 00 00 00 00 00
00 00 00 00 00 00 00 00
00 00 00 00 00 00 00 00
00 00 00 00 00 00 00 00
00 00 00 00 00 00 00 00
00 00 00 00 00 00 00 00
00 00 00 00 00 00 00 00
00 00 00 00 00 00 00 00
